image: my_global_map.pgm
resolution: 0.200000
origin: [-130.100000, -184.800000, 0.000000]
negate: 0
occupied_thresh: 0.65
free_thresh: 0.196

